{"camera_angle_x": 0.5235987755982988, "camera_angle_y": 0.5235987755982988, "fl_x": 955.4050067376327, "fl_y": 955.4050067376327, "k1": 0, "k2": 0, "k3": 0, "k4": 0, "p1": 0, "p2": 0, "is_fisheye": false, "cx": 256.0, "cy": 256.0, "w": 512, "h": 512, "aabb_scale": 32, "frames": [{"file_path": "./images/0.png", "transform_matrix": [[-0.16551750084030392, 0.17173068552312126, -0.9711398089695112, -80.73672706466026], [-0.9756847655052445, 0.11494663876681419, 0.18661861803471735, 15.51473463480075], [0.14367740002017088, 0.9784149640546033, 0.14852933325600515, 12.348141976499424], [0.0, 0.0, 0.0, 1.0]]}, {"file_path": "./images/1.png", "transform_matrix": [[-0.07892679198246864, 0.6270485831622794, -0.7749713774466347, -64.42805866461714], [-0.992495194772183, 0.02340984610653373, 0.12002194574074806, 9.978150401766163], [0.09340155170811021, 0.7786283153465757, 0.6204950416232758, 51.58550638931353], [0.0, 0.0, 0.0, 1.0]]}, {"file_path": "./images/2.png", "transform_matrix": [[0.30061815520939617, 0.6270485831622792, -0.7186367643759104, -59.74462149339198], [-0.9293908658506131, 0.023409846106533683, -0.36835390262452217, -30.62348821943119], [-0.2141526166824654, 0.7786283153465758, 0.5898106503858729, 49.03452732574468], [0.0, 0.0, 0.0, 1.0]]}, {"file_path": "./images/3.png", "transform_matrix": [[0.14249546274311892, 0.30753697895796067, -0.940806063793721, -78.2148993293669], [-0.9834794095236115, -0.06321570912610926, -0.16962318580539554, -14.101801542601892], [-0.11163912459667986, 0.9494339264493837, 0.2934483347476911, 24.396135233343294], [0.0, 0.0, 0.0, 1.0]]}, {"file_path": "./images/4.png", "transform_matrix": [[-0.10972578928313549, 0.30753697895796056, -0.9451884773629035, -78.5792358800382], [-0.9934905400834416, -0.06321570912610927, 0.09476455500024572, 7.8783507192207125], [-0.030607154897252353, 0.9494339264493838, 0.31247147289952976, 25.977643785142906], [0.0, 0.0, 0.0, 1.0]]}, {"file_path": "./images/5.png", "transform_matrix": [[-0.26222714282109677, 0.3075369789579607, -0.9146900743646971, -76.04371914389802], [-0.9647840998149404, -0.06321570912610931, 0.25533392814892103, 21.22745404617039], [0.0207018432068102, 0.949433926449384, 0.31328366218931153, 26.045165994003373], [0.0, 0.0, 0.0, 1.0]]}, {"file_path": "./images/6.png", "transform_matrix": [[-0.47662008279723694, 0.3019150830667967, -0.8256394971724186, -68.64040596559006], [-0.8738296456086247, -0.059927419766294884, 0.4825250820586009, 40.1152290249087], [0.09620315550885122, 0.9514494137771716, 0.2923849618109937, 24.307730608422013], [0.0, 0.0, 0.0, 1.0]]}, {"file_path": "./images/7.png", "transform_matrix": [[-0.45327415563455753, 0.07219744854076482, -0.8884424957519663, -73.86159915356117], [-0.8867435850815596, 0.06490775114258313, 0.4576819836505642, 38.04987197015209], [0.09071027588141085, 0.9952760985102657, 0.03459961825948687, 2.876475570414316], [0.0, 0.0, 0.0, 1.0]]}, {"file_path": "./images/8.png", "transform_matrix": [[0.1016577754493294, 0.4085121354982338, -0.9070741600560378, -75.41056211624141], [-0.9944865597879106, 0.06531606127246625, -0.08203837236963026, -6.820346172261315], [0.025732840727374078, 0.910412899343218, 0.41289971375332224, 34.32685097087277], [0.0, 0.0, 0.0, 1.0]]}, {"file_path": "./images/9.png", "transform_matrix": [[0.18405714417081345, 0.7414001088400459, -0.6453284793743821, -53.65006029521887], [-0.9824155518849664, 0.11782260994130005, -0.1448361695198304, -12.0411069339456], [-0.03134726613663749, 0.6606388659461295, 0.7500490901982153, 62.35611816251997], [0.0, 0.0, 0.0, 1.0]]}, {"file_path": "./images/10.png", "transform_matrix": [[0.5263733882774325, 0.5440046605548896, -0.6534447072307608, -54.32481141465897], [-0.8001770323530484, 0.057093459066339, -0.5970402447293724, -49.63556723772047], [-0.28748525702721517, 0.837137543194904, 0.4653525123662667, 38.68756942384663], [0.0, 0.0, 0.0, 1.0]]}, {"file_path": "./images/11.png", "transform_matrix": [[0.6219605585621936, 0.5440046605548896, -0.5632264135208537, -46.8244188983382], [-0.6971227772323421, 0.057093459066339, -0.7146748704101095, -59.415245281211426], [-0.3566299160991276, 0.837137543194904, 0.41474791948451006, 34.48050349371248], [0.0, 0.0, 0.0, 1.0]]}, {"file_path": "./images/12.png", "transform_matrix": [[0.6219605585621937, 0.4137471519336076, -0.6648145289175263, -55.27005347128141], [-0.697122777232342, -0.09410038946068408, -0.7107495692346314, -59.0889112490524], [-0.3566299160991277, 0.905515549822407, 0.2299058328380412, 19.113462660041204], [0.0, 0.0, 0.0, 1.0]]}, {"file_path": "./images/13.png", "transform_matrix": [[0.6252461904184236, 0.6904754488824976, -0.3637455922176406, -30.24037149811741], [-0.6923323151377594, 0.27561984621287966, -0.6668655530086847, -55.44056751130063], [-0.3601987878703076, 0.6687879745211498, 0.6503687249189178, 54.06908639744389], [0.0, 0.0, 0.0, 1.0]]}, {"file_path": "./images/14.png", "transform_matrix": [[0.5511982058309978, 0.7987681581387653, -0.24114304350798435, -20.04767996062738], [-0.8035771335544892, 0.4304031812859696, -0.4111166403434279, -34.17861329190903], [-0.22459814851649962, 0.42038379022331657, 0.879109288200528, 73.08567315015904], [0.0, 0.0, 0.0, 1.0]]}, {"file_path": "./images/15.png", "transform_matrix": [[0.5405538407824859, 0.6076718273389015, -0.5818388913384043, -48.371786772328576], [-0.8181848976733898, 0.21867323992678317, -0.5317475786114201, -44.2073929264616], [-0.19589542729346143, 0.7634899897173009, 0.6153925715890534, 51.16130718884418], [0.0, 0.0, 0.0, 1.0]]}, {"file_path": "./images/16.png", "transform_matrix": [[0.6281127642848631, 0.6076718273389013, -0.4860136886971689, -40.40525799850497], [-0.7206374001576653, 0.21867323992678303, -0.6579238190200477, -54.697187073326916], [-0.29352358139752416, 0.7634899897173009, 0.5752624990081023, 47.8250514951442], [0.0, 0.0, 0.0, 1.0]]}, {"file_path": "./images/17.png", "transform_matrix": [[0.628112764284863, 0.3595279750935026, -0.6900825968444603, -57.3707408129246], [-0.7206374001576655, -0.06576366978053019, -0.6901861178196778, -57.37934713782696], [-0.2935235813975242, 0.9308140388187982, 0.21778230483996586, 18.105560438341485], [0.0, 0.0, 0.0, 1.0]]}, {"file_path": "./images/18.png", "transform_matrix": [[0.7551817434850935, 0.35952797509350265, -0.5481242281016051, -45.5688828663351], [-0.5654345809968827, -0.0657636697805303, -0.8221671815086499, -68.35173135927802], [-0.3316387626917191, 0.9308140388187983, 0.15362602715081347, 12.77186097155725], [0.0, 0.0, 0.0, 1.0]]}, {"file_path": "./images/19.png", "transform_matrix": [[0.7551817434850933, 0.23654338560391971, -0.6113491318664402, -50.82515158460274], [-0.5654345809968828, -0.23677339621374383, -0.7900772705617402, -65.68390293980553], [-0.33163876269171905, 0.9423298708904675, -0.04505713603704543, -3.745872284237084], [0.0, 0.0, 0.0, 1.0]]}, {"file_path": "./images/20.png", "transform_matrix": [[0.3839168952211754, 0.2365433856039197, -0.8925553452255879, -74.20352521028609], [-0.8681551484690889, -0.23677339621374394, -0.43617083468753803, -36.26152002882027], [-0.314506686336471, 0.9423298708904674, 0.11445505090299805, 9.515340757920896], [0.0, 0.0, 0.0, 1.0]]}, {"file_path": "./images/21.png", "transform_matrix": [[0.3839168952211754, -8.86547280766481e-06, -0.9233676502266778, -76.76513851882274], [-0.868155148469089, -0.34061176641557556, -0.3609574251430153, -30.00857430266144], [-0.3145066863364708, 0.9402040334420316, -0.13077430844392957, -10.872059357870128], [0.0, 0.0, 0.0, 1.0]]}, {"file_path": "./images/22.png", "transform_matrix": [[0.1950627833202336, -8.865472807650931e-06, -0.980790757748444, -81.5390688184249], [-0.9221440154982655, -0.3406117664155756, -0.1833958539880221, -15.24680676403617], [-0.33406724658981185, 0.9402040334420315, -0.06644885443133759, -5.524295239914978], [0.0, 0.0, 0.0, 1.0]]}, {"file_path": "./images/23.png", "transform_matrix": [[-0.4167759408241214, 0.26725981119726194, -0.868832554908581, -72.2313061442498], [-0.8932726027218842, -0.2974948111517043, 0.33698797391640367, 28.015848823076617], [-0.16840983456033518, 0.9165527975281162, 0.3627245469591833, 30.15548582914215], [0.0, 0.0, 0.0, 1.0]]}, {"file_path": "./images/24.png", "transform_matrix": [[-0.4108428675844355, -0.13845692574872293, -0.901131409877167, -74.91650534421545], [-0.8955493052792115, -0.12396634212674139, 0.4273450454066799, 35.527778775791994], [-0.17087884587894298, 0.9825792719836545, -0.07306431618206054, -6.074278594362733], [0.0, 0.0, 0.0, 1.0]]}, {"file_path": "./images/25.png", "transform_matrix": [[-0.005019429800503329, -0.1384569257487229, -0.9903557366101791, -82.33426337291282], [-0.9920344839917116, -0.12396634212674143, 0.022359082964522665, 1.8588458243085175], [-0.12586654796162694, 0.9825792719836545, -0.13673180453828265, -11.367342047052558], [0.0, 0.0, 0.0, 1.0]]}, {"file_path": "./images/26.png", "transform_matrix": [[-0.8220172619000644, 0.03774433267787698, -0.5682103364855506, -47.23876256378705], [-0.5674359773620995, -0.13839516327292872, 0.8117038809675474, 67.48185388933963], [-0.048000340972120574, 0.989657589337525, 0.13518070547677657, 11.238389798959709], [0.0, 0.0, 0.0, 1.0]]}, {"file_path": "./images/27.png", "transform_matrix": [[-0.8296883733257819, 0.412402886457986, -0.37621943385362133, -31.27739741169867], [-0.5563156764914715, -0.6665735450297793, 0.49617796923711666, 41.250276126876145], [-0.04615269502265626, 0.620969861029949, 0.7824745110446675, 65.05183954955093], [0.0, 0.0, 0.0, 1.0]]}, {"file_path": "./images/28.png", "transform_matrix": [[-0.7988999300155353, 0.17821831324697643, -0.5744537706766102, -47.75781701668254], [-0.5941311610378635, -0.38251765423394574, 0.7075933914920065, 58.82651910054735], [-0.09363260812864907, 0.9065971966770923, 0.4114783805648417, 34.20868694480084], [0.0, 0.0, 0.0, 1.0]]}, {"file_path": "./images/29.png", "transform_matrix": [[-0.7074870186387474, -0.005745768985761068, -0.7067029818788222, -58.752493963021855], [-0.6921013406891181, -0.19674558669343978, 0.6944687957950159, 57.73539206524811], [-0.14303095005621008, 0.9804377391019872, 0.13521829414173772, 11.241514772064143], [0.0, 0.0, 0.0, 1.0]]}, {"file_path": "./images/30.png", "transform_matrix": [[-0.33745294682210214, -0.22570628657139866, -0.913883023632253, -75.97662413439309], [-0.9343689654286539, -0.03763907975584874, 0.3543133304279138, 29.456210516674467], [-0.11436846210763993, 0.973468012765331, -0.19819153109517773, -16.476860905884948], [0.0, 0.0, 0.0, 1.0]]}, {"file_path": "./images/31.png", "transform_matrix": [[-0.16447479752089014, -0.22570628657139866, -0.9602107649795496, -79.82812952438194], [-0.9834367295008762, -0.03763907975584874, 0.17730058867289014, 14.740070486118823], [-0.07615930704177082, 0.973468012765331, -0.21577717227184795, -17.93886163824544], [0.0, 0.0, 0.0, 1.0]]}, {"file_path": "./images/32.png", "transform_matrix": [[-0.08421432582619962, 0.02345645967800762, -0.9961715423685886, -82.81776648733627], [-0.9945190330621296, -0.06414869720204987, 0.08256414188039751, 6.864056572244511], [-0.061966444167834735, 0.9976646426262954, 0.028730134885532617, 2.3885099110965533], [0.0, 0.0, 0.0, 1.0]]}, {"file_path": "./images/33.png", "transform_matrix": [[-0.08421432582619963, 0.32321091703419447, -0.9425723581962044, -78.36174206794186], [-0.9945190330621296, -0.08608820257188322, 0.059335606975146844, 4.932927948501717], [-0.061966444167834756, 0.9424030584032809, 0.32868926862515174, 27.32592725060915], [0.0, 0.0, 0.0, 1.0]]}, {"file_path": "./images/34.png", "transform_matrix": [[-0.09062331500900915, 0.798615080026751, -0.5949801414590606, -49.464298390614665], [-0.9940954020838526, -0.10834423171209794, 0.00598823934547029, 0.4978385616238968], [-0.059680368066235175, 0.5920096970562062, 0.8037180925292757, 66.81794698779744], [0.0, 0.0, 0.0, 1.0]]}, {"file_path": "./images/35.png", "transform_matrix": [[-0.09467756904812395, 0.844514699633686, -0.5270968412177813, -43.82074899308346], [-0.9940314732766263, -0.10902505527618826, 0.003868779849502985, 0.32163507241456535], [-0.05419952079712097, 0.5243171363065005, 0.8497964182795271, 70.64871695040674], [0.0, 0.0, 0.0, 1.0]]}, {"file_path": "./images/36.png", "transform_matrix": [[-0.09702460987778162, 0.8028288700012085, -0.5882618724434272, -48.90576804631978], [-0.9941335141010409, -0.10655886994965483, 0.01854085694265931, 1.5414135974023981], [-0.04779938513391037, 0.5866097618755038, 0.8084579185419516, 67.21199739700204], [0.0, 0.0, 0.0, 1.0]]}, {"file_path": "./images/37.png", "transform_matrix": [[-0.09702460987778168, 0.4061012622957112, -0.908662748130402, -75.54263105275541], [-0.9941335141010408, -0.08338919410288943, 0.06888249739945737, 5.726618701763737], [-0.047799385133910334, 0.9100153883691752, 0.4118096789927594, 34.23622978724686], [0.0, 0.0, 0.0, 1.0]]}, {"file_path": "./images/38.png", "transform_matrix": [[-0.09702460987778169, -0.04309404863147012, -0.9943485948351377, -82.66621383126927], [-0.9941335141010409, -0.04378477707436533, 0.09890121049645324, 8.222255914613845], [-0.047799385133910334, 0.9981111141897463, -0.0385930370886186, -3.20847263518767], [0.0, 0.0, 0.0, 1.0]]}, {"file_path": "./images/39.png", "transform_matrix": [[0.22111009209655522, -0.043094048631470094, -0.9742962743157758, -80.99914312339386], [-0.9746832257502992, -0.04378477707436532, -0.21926126593071424, -18.228515420538624], [-0.03321048951828503, 0.9981111141897463, -0.0516843024221016, -4.296828715742113], [0.0, 0.0, 0.0, 1.0]]}, {"file_path": "./images/40.png", "transform_matrix": [[0.42071571645879574, 0.0021128001170226916, -0.9071900693902175, -75.42019836036442], [-0.9067907556983142, -0.028778827866306016, -0.4205975563965176, -34.96681919659027], [-0.026996505415377303, 0.9995835708645411, -0.010191837569862798, -0.8473091109698114], [0.0, 0.0, 0.0, 1.0]]}, {"file_path": "./images/41.png", "transform_matrix": [[0.7689949245069394, 0.03647826431536041, -0.6382132420399198, -53.05852757318662], [-0.6387489729966325, 0.004135088929055737, -0.769404087937734, -63.965216209370496], [-0.02542745717357542, 0.9993258914248583, 0.026480316266964857, 2.2014688794401023], [0.0, 0.0, 0.0, 1.0]]}, {"file_path": "./images/42.png", "transform_matrix": [[0.837639666349523, 0.0364782643153604, -0.5450037849321769, -45.309461549069894], [-0.5454886054235095, 0.004135088929055748, -0.8381080374227798, -69.67699114291396], [-0.0283190873965696, 0.9993258914248584, 0.02336219204051598, 1.942240349933486], [0.0, 0.0, 0.0, 1.0]]}, {"file_path": "./images/43.png", "transform_matrix": [[0.837639666349523, -0.14064335766489733, -0.5278060584178657, -43.879710509214995], [-0.5454886054235095, -0.26548535912039595, -0.7949589331819784, -66.0897450842123], [-0.02831908739656955, 0.9538013262925661, -0.29910041666899645, -24.866026994768767], [0.0, 0.0, 0.0, 1.0]]}, {"file_path": "./images/44.png", "transform_matrix": [[0.651731464175549, -0.024349051694172313, -0.7580588514654979, -63.022018070355905], [-0.754801328184331, -0.11873982728380099, -0.6451168951343492, -53.63247001740112], [-0.07430379246555954, 0.9926268065583399, -0.09576517805041361, -7.961538566479896], [0.0, 0.0, 0.0, 1.0]]}, {"file_path": "./images/45.png", "transform_matrix": [[0.4357794191845072, -0.02434905169417234, -0.8997240807585446, -74.7995055611854], [-0.8948807210665856, -0.118739827283801, -0.4302201163125234, -35.76680081244654], [-0.09635763010037975, 0.9926268065583398, -0.073533869905172, -6.11331543585026], [0.0, 0.0, 0.0, 1.0]]}, {"file_path": "./images/46.png", "transform_matrix": [[0.3416523319052393, -0.02434905169417232, -0.9395109407480611, -78.10722791595322], [-0.9341253516119046, -0.11873982728380103, -0.33661651904288487, -27.984967532387596], [-0.10336107381237865, 0.9926268065583398, -0.06331280535677113, -5.2635765093509495], [0.0, 0.0, 0.0, 1.0]]}, {"file_path": "./images/47.png", "transform_matrix": [[0.05557634438572309, -0.024349051694172317, -0.9981574994089428, -82.98287110980945], [-0.9915464379309553, -0.11873982728380104, -0.052311708469972525, -4.348988775887731], [-0.11724730858810281, 0.9926268065583396, -0.030742341007779055, -2.555796778537415], [0.0, 0.0, 0.0, 1.0]]}, {"file_path": "./images/48.png", "transform_matrix": [[-0.04091175509476221, 0.33009778659473343, -0.9430597433780767, -78.40226134646394], [-0.9956469342018878, -0.09257863137243673, 0.010787929717437503, 0.896865857155707], [-0.08374610862271809, 0.9393958954021804, 0.33244840350359267, 27.638446873300488], [0.0, 0.0, 0.0, 1.0]]}, {"file_path": "./images/49.png", "transform_matrix": [[-0.3263312917859764, 0.5563921499972225, -0.7641568316927908, -63.52898005534436], [-0.9422912242094257, -0.1275094136975906, 0.30956194565288336, 25.735757184438658], [0.07480064691697497, 0.8210780260364816, 0.5658937518482043, 47.04617086909927], [0.0, 0.0, 0.0, 1.0]]}, {"file_path": "./images/50.png", "transform_matrix": [[-0.5009924461552595, 0.6253153670368472, -0.5983203662277782, -49.74199148175909], [-0.8366195271819982, -0.17296302180092113, 0.519761060322206, 43.210881150675625], [0.2215272796590509, 0.7609628669239172, 0.6098042140964537, 50.69671322466565], [0.0, 0.0, 0.0, 1.0]]}, {"file_path": "./images/51.png", "transform_matrix": [[-0.5347336613699645, 0.5087225643703124, -0.6747305120552691, -56.09442913457347], [-0.806609299531587, -0.06928634839737505, 0.5870100849516302, 48.801699379650906], [0.2518756623952276, 0.8581379576887687, 0.4473900940641337, 37.19424492979652], [0.0, 0.0, 0.0, 1.0]]}, {"file_path": "./images/52.png", "transform_matrix": [[-0.6692865179752852, 0.5545957098340919, -0.49444833450031767, -41.10648112807443], [-0.6512055186260064, -0.11742752419664337, 0.7497613947597467, 62.3322003003541], [0.3577526091694545, 0.8237926773130886, 0.4397484456342979, 36.558948468972375], [0.0, 0.0, 0.0, 1.0]]}, {"file_path": "./images/53.png", "transform_matrix": [[-0.6692865179752853, 0.5086532784989245, -0.5415970819057409, -45.02624171821172], [-0.6512055186260064, -0.050602224736276236, 0.7572125113617534, 62.95165669774088], [0.3577526091694543, 0.8594831337053888, 0.36510520882125574, 30.35340465114455], [0.0, 0.0, 0.0, 1.0]]}, {"file_path": "./images/54.png", "transform_matrix": [[-0.6692865179752853, 0.4860792939205407, -0.5619452614607823, -46.71790897747202], [-0.6512055186260064, -0.019593879747807658, 0.7586484379391173, 63.071033960510604], [0.35775260916945434, 0.8736950268246566, 0.32965143824092535, 27.40591823124945], [0.0, 0.0, 0.0, 1.0]]}, {"file_path": "./images/55.png", "transform_matrix": [[-0.6692865179752853, 0.4385307046347138, -0.5997886110531773, -49.86405555599165], [-0.6512055186260062, 0.042469222329167694, 0.7577121733651836, 62.99319662270626], [0.35775260916945445, 0.8977121956659255, 0.25714953701126986, 21.378396594113795], [0.0, 0.0, 0.0, 1.0]]}, {"file_path": "./images/56.png", "transform_matrix": [[-0.435622744473237, 0.4385307046347138, -0.7860811952910376, -65.35168502897326], [-0.8636493003554704, 0.04246922232916783, 0.5023009567483048, 41.759317118651595], [0.25365864955311807, 0.8977121956659257, 0.3602361770554857, 29.94861258607691], [0.0, 0.0, 0.0, 1.0]]}, {"file_path": "./images/57.png", "transform_matrix": [[-0.22585342777388911, 0.23141969412319024, -0.946274354685106, -78.669511430661], [-0.9587535849776734, 0.11927547671684371, 0.25800179058764106, 21.4492495894805], [0.17257402022101692, 0.9655145187027997, 0.1949356861091814, 16.206182816518602], [0.0, 0.0, 0.0, 1.0]]}, {"file_path": "./images/58.png", "transform_matrix": [[-0.1469886692187027, 0.04548697397396215, -0.9880917297093458, -82.14604278352043], [-0.9760587071592265, 0.15524278056447502, 0.15234526333716375, 12.665383327965497], [0.1603238326013145, 0.9868285637745304, 0.0215790272886276, 1.7939950771572493], [0.0, 0.0, 0.0, 1.0]]}, {"file_path": "./images/59.png", "transform_matrix": [[-0.03244791946603184, -0.26410505949570445, -0.9639479498764943, -80.13882431232774], [-0.9852424297260166, 0.17062485817674258, -0.013583535612711299, -1.1292814867719676], [0.16806096271859572, 0.9492816627961045, -0.2657439321775041, -22.09290065461391], [0.0, 0.0, 0.0, 1.0]]}, {"file_path": "./images/60.png", "transform_matrix": [[0.020149473366069977, -0.2575247847814481, -0.9660615839305168, -80.31454349730818], [-0.983036853809166, 0.17107953815346022, -0.06610851441512844, -5.496000715538376], [0.18229795055361026, 0.9510061918034328, -0.24970919161193458, -20.759835671963582], [0.0, 0.0, 0.0, 1.0]]}, {"file_path": "./images/61.png", "transform_matrix": [[0.020149473366069984, 0.18158565933174184, -0.9831686768037958, -81.73675961431121], [-0.9830368538091661, 0.1829006824476778, 0.013633943418916638, 1.1334721926352647], [0.18229795055361026, 0.9662163260291303, 0.182190747675954, 15.14661898622805], [0.0, 0.0, 0.0, 1.0]]}, {"file_path": "./images/62.png", "transform_matrix": [[0.020149473366070047, 0.685384205291838, -0.7279028024808984, -60.514963294378774], [-0.983036853809166, 0.1463304669734889, 0.11057096584681335, 9.192433271088428], [0.18229795055361023, 0.7133273340983062, 0.6767064146675108, 56.258697871615496], [0.0, 0.0, 0.0, 1.0]]}, {"file_path": "./images/63.png", "transform_matrix": [[0.020149473366069953, 0.9518455360884417, -0.3059151420763235, -25.432576342401404], [-0.9830368538091661, 0.07465185913133401, 0.1675280393880736, 13.927619346697806], [0.18229795055361023, 0.2973502570315732, 0.937203436755975, 77.91539115023777], [0.0, 0.0, 0.0, 1.0]]}, {"file_path": "./images/64.png", "transform_matrix": [[0.06130840308534921, 0.8770840984354957, -0.47640819050759176, -39.606694827177684], [-0.9953097568629227, 0.0895072361725345, 0.03670071615409984, 3.0511525486276003], [0.07483159496224853, 0.47192365796211955, 0.8784579064764904, 73.0315198470151], [0.0, 0.0, 0.0, 1.0]]}, {"file_path": "./images/65.png", "transform_matrix": [[0.23153184054222445, 0.8770840984354957, -0.42085210120269495, -34.98798104615293], [-0.9395946727036653, 0.08950723617253455, -0.3303790333838489, -27.466407616943627], [-0.25210088822140664, 0.47192365796211955, 0.8448273215359634, 70.23560587840818], [0.0, 0.0, 0.0, 1.0]]}, {"file_path": "./images/66.png", "transform_matrix": [[0.28921131659203625, 0.8770840984354958, -0.38351049350271293, -31.883547306351797], [-0.8828417187149845, 0.08950723617253448, -0.4610628529486261, -38.330944086892515], [-0.37006393238395074, 0.47192365796211955, 0.8002129385383487, 66.52654233269826], [0.0, 0.0, 0.0, 1.0]]}, {"file_path": "./images/67.png", "transform_matrix": [[0.35234586930890194, 0.8748214077231242, -0.33247540205297277, -27.64069142603344], [-0.7877033240266619, 0.0853864286209256, -0.6101087043508816, -50.72202734147804], [-0.5053472684187598, 0.4768612611616667, 0.719185286212811, 59.79022343188144], [0.0, 0.0, 0.0, 1.0]]}, {"file_path": "./images/68.png", "transform_matrix": [[0.40355960424796866, 0.7607250069207423, -0.508367101280816, -42.263632409748304], [-0.6921969030669818, -0.1095039914143833, -0.7133528742836872, -59.30533974602984], [-0.5983335969203988, 0.6397705367627953, 0.4823801064373847, 40.103176324510585], [0.0, 0.0, 0.0, 1.0]]}, {"file_path": "./images/69.png", "transform_matrix": [[0.4501715579192086, 0.7607250069207424, -0.467592806067447, -38.873818591500324], [-0.6210616979825965, -0.10950399141438313, -0.7760742510631911, -64.519747220006], [-0.6415823686320931, 0.6397705367627953, 0.4231615820826341, 35.17998216251386], [0.0, 0.0, 0.0, 1.0]]}, {"file_path": "./images/70.png", "transform_matrix": [[0.5003211017372394, 0.5097061541385957, -0.6999131600346412, -58.188014999242185], [-0.56759639978319, -0.41736280839569834, -0.7096778234672526, -58.99981054006503], [-0.6538448761821082, 0.75233498031216, 0.08049195791571845, 6.691783383936351], [0.0, 0.0, 0.0, 1.0]]}, {"file_path": "./images/71.png", "transform_matrix": [[0.5285253348012747, 0.5097061541385957, -0.6788671496739569, -56.43833284370006], [-0.5380994874929728, -0.4173628083956983, -0.7322958607884218, -60.880184806541834], [-0.6565896070095845, 0.7523349803121597, 0.053685802273055784, 4.463225506084653], [0.0, 0.0, 0.0, 1.0]]}, {"file_path": "./images/72.png", "transform_matrix": [[0.586540091264143, 0.5097061541385957, -0.6294206524837687, -52.32754641410889], [-0.47116896637109185, -0.4173628083956981, -0.7770508936336491, -64.6009414249211], [-0.6587643937468447, 0.7523349803121598, -0.004642297928205282, -0.3859423095630784], [0.0, 0.0, 0.0, 1.0]]}, {"file_path": "./images/73.png", "transform_matrix": [[0.05878374565908973, 0.7029900190563703, -0.7087661845442484, -58.924020481591086], [-0.8555158067599035, -0.3303978990894628, -0.39866017190236186, -33.1430317171161], [-0.5144289801617314, 0.6297954123240288, 0.5819970472307979, 48.38493522839918], [0.0, 0.0, 0.0, 1.0]]}, {"file_path": "./images/74.png", "transform_matrix": [[-0.20952290995288164, 0.7029900190563703, -0.6796360668122321, -56.5022575768382], [-0.9424517018530586, -0.3303978990894627, -0.051205643746982596, -4.25703492451521], [-0.2605473850936722, 0.6297954123240288, 0.731760069104933, 60.835641202712715], [0.0, 0.0, 0.0, 1.0]]}, {"file_path": "./images/75.png", "transform_matrix": [[-0.235906450484281, 0.5669559377775051, -0.7892459130326476, -65.61478715925446], [-0.9419317947197281, -0.33313772608979897, 0.042234459293212845, 3.511206091219542], [-0.23898251131825402, 0.7533792007180368, 0.612623162482021, 50.931069456706055], [0.0, 0.0, 0.0, 1.0]]}, {"file_path": "./images/76.png", "transform_matrix": [[-0.41091137355194923, 0.566955937777505, -0.7139417397130388, -59.354295691412815], [-0.9070364099037213, -0.33313772608979897, 0.2574960321338695, 21.407202829718656], [-0.09185202335615227, 0.7533792007180369, 0.6511397589848379, 54.133187123581635], [0.0, 0.0, 0.0, 1.0]]}, {"file_path": "./images/77.png", "transform_matrix": [[-0.48456284219503126, 0.6248976259043595, -0.6121289154279255, -50.88997970923559], [-0.8745635887240528, -0.360773280106135, 0.3240079777406199, 26.936743220704876], [-0.018367940602557642, 0.692347887626268, 0.7213300362923102, 59.96852948029057], [0.0, 0.0, 0.0, 1.0]]}, {"file_path": "./images/78.png", "transform_matrix": [[-0.6077912829710964, 0.5985707226661996, -0.5218264522915758, -43.3825896793262], [-0.7824268743820586, -0.3391612625071736, 0.5222813650315913, 43.420409327320904], [0.13563901573319853, 0.7257291009608224, 0.6744770785056564, 56.07335967049049], [0.0, 0.0, 0.0, 1.0]]}, {"file_path": "./images/79.png", "transform_matrix": [[-0.6077912829710966, 0.37065942372846983, -0.7022829543322457, -58.38503033486915], [-0.7824268743820585, -0.12846854461330343, 0.6093472075013244, 50.65871950182843], [0.13563901573319861, 0.919840977912062, 0.3680959559200709, 30.602043549484463], [0.0, 0.0, 0.0, 1.0]]}, {"file_path": "./images/80.png", "transform_matrix": [[-0.7947992596407795, 0.37065942372846983, -0.4805265117303597, -39.94907578350959], [-0.556281405504247, -0.12846854461330323, 0.8210035511099567, 68.25499172504854], [0.2425801615233372, 0.919840977912062, 0.3082976493408493, 25.630648583873576], [0.0, 0.0, 0.0, 1.0]]}, {"file_path": "./images/81.png", "transform_matrix": [[-0.6378019234079898, 0.28364509449574454, -0.7160685489990248, -59.53111021312755], [-0.7458973842206327, 0.004233548323681724, 0.6660474226970696, 55.37255138935419], [0.19195259495481345, 0.958919984898162, 0.20886996876770514, 17.364624026993397], [0.0, 0.0, 0.0, 1.0]]}, {"file_path": "./images/82.png", "transform_matrix": [[-0.4733943233640986, 0.2836450944957446, -0.8339324163115063, -69.32984650022327], [-0.8690228277517343, 0.004233548323681641, 0.49475388014139976, 41.13188298556351], [0.143865004267983, 0.958919984898162, 0.2444899243524814, 20.32592641161593], [0.0, 0.0, 0.0, 1.0]]}, {"file_path": "./images/83.png", "transform_matrix": [[-0.3857872037558047, 0.2836450944957446, -0.8779030093277829, -72.98538789028662], [-0.9149906271168381, 0.004233548323681655, 0.40345288368894644, 33.541478840629104], [0.11815407613202658, 0.958919984898162, 0.2578993541215179, 21.440733426379524], [0.0, 0.0, 0.0, 1.0]]}, {"file_path": "./images/84.png", "transform_matrix": [[-0.030918454406664506, 0.2836450944957446, -0.9584307536518238, -79.68014641483055], [-0.9994299529137053, 0.004233548323681648, 0.03349397389829796, 2.7845566662611607], [0.013557964301908346, 0.9589199848981619, 0.28335250866526135, 23.556808138128133], [0.0, 0.0, 0.0, 1.0]]}, {"file_path": "./images/85.png", "transform_matrix": [[-0.030918454406664495, -0.24151452618013633, -0.9699045225284224, -80.63403023015461], [-0.9994299529137053, 0.02063265387394771, 0.026721953765147532, 2.22155766640892], [0.013557964301908346, 0.9701778327905157, -0.24201478129627962, -20.120152796397136], [0.0, 0.0, 0.0, 1.0]]}, {"file_path": "./images/86.png", "transform_matrix": [[-0.02411983911848866, 0.14400532666667834, -0.9892829217430782, -107.12970766030502], [-0.9996234157713038, 0.00947982177147458, 0.02575188577351914, 2.7886784801235502], [0.013086634502786628, 0.9895315047388862, 0.1437224447558075, 15.563741324660874], [0.0, 0.0, 0.0, 1.0]]}, {"file_path": "./images/87.png", "transform_matrix": [[-0.024119839118488657, 0.23100549546776142, -0.9726534297603604, -105.32889560190107], [-0.9996234157713038, 0.0071632101214637025, 0.026489904916157415, 2.86859876709185], [0.013086634502786632, 0.9729260760635672, 0.23074572696572443, 24.987515432033746], [0.0, 0.0, 0.0, 1.0]]}, {"file_path": "./images/88.png", "transform_matrix": [[0.2771184671522014, 0.2310054954677614, -0.9326531060511771, -100.99725003206544], [-0.9590387898659514, 0.0071632101214636965, -0.28318419439157866, -30.666090854712586], [-0.058736314964985145, 0.972926076063567, 0.22352828863453555, 24.205937137814114], [0.0, 0.0, 0.0, 1.0]]}, {"file_path": "./images/89.png", "transform_matrix": [[0.2771184671522014, 0.4097038266768005, -0.8691076628183648, -94.11589727942619], [-0.9590387898659514, 0.06264881632396838, -0.27626024930426984, -29.916295021026855], [-0.0587363149649851, 0.9100647780348341, 0.41028300608816615, 44.42965458533533], [0.0, 0.0, 0.0, 1.0]]}, {"file_path": "./images/90.png", "transform_matrix": [[0.3406400889280641, 0.5478577452028404, -0.7640786745069779, -82.74228052494773], [-0.9357819345940543, 0.11892506972888232, -0.33191715634686564, -35.94339611587274], [-0.0909752752262381, 0.828075309866947, 0.553186027016473, 59.904660288304285], [0.0, 0.0, 0.0, 1.0]]}, {"file_path": "./images/91.png", "transform_matrix": [[0.5928028724416029, 0.5478577452028404, -0.5902852238081557, -63.92214206158942], [-0.7536224691458487, 0.11892506972888212, -0.6464595902208388, -70.00527896765283], [-0.28396818206182717, 0.8280753098669471, 0.483377029621041, 52.345025608818894], [0.0, 0.0, 0.0, 1.0]]}, {"file_path": "./images/92.png", "transform_matrix": [[0.5928028724416032, 0.3088764721552079, -0.7437607675684014, -80.54204904135572], [-0.7536224691458485, -0.11288264664377114, -0.647542031134051, -70.12249677869886], [-0.2839681820618273, 0.9443796021916456, 0.16585909242742863, 17.96092472034854], [0.0, 0.0, 0.0, 1.0]]}, {"file_path": "./images/93.png", "transform_matrix": [[0.46955155177249125, 0.6135299367213676, -0.6349034233446219, -68.7538586187181], [-0.8596316910979079, 0.15366863480741827, -0.48725692025519274, -52.7651799855448], [-0.20138196515129242, 0.774575346511299, 0.5995651229755652, 64.92706478194722], [0.0, 0.0, 0.0, 1.0]]}, {"file_path": "./images/94.png", "transform_matrix": [[0.3222338213296012, 0.5653681761644019, -0.759291900241179, -82.22391948134702], [-0.9436050781813659, 0.12743896344321406, -0.3055630328211475, -33.08950115124597], [-0.07599224185179132, 0.8149344366125764, 0.574549426247457, 62.21810840708211], [0.0, 0.0, 0.0, 1.0]]}, {"file_path": "./images/95.png", "transform_matrix": [[0.32223382132960116, 0.2789893060984696, -0.9046161238193896, -97.9611178557648], [-0.9436050781813659, 0.017949914098917247, -0.33058623234215295, -35.799270005526246], [-0.07599224185179118, 0.9601264331672866, 0.26903979540544365, 29.13439017019499], [0.0, 0.0, 0.0, 1.0]]}, {"file_path": "./images/96.png", "transform_matrix": [[0.05993899374424857, 0.2725322114715648, -0.9602778299738806, -103.9887386476993], [-0.9982019306420377, 0.016819518668164977, -0.057532681619058494, -6.2302292168385245], [0.0004719019343391827, 0.9619996348763284, 0.27305032467729246, 29.56869143933971], [0.0, 0.0, 0.0, 1.0]]}, {"file_path": "./images/97.png", "transform_matrix": [[-0.36368709255702714, 0.2725322114715649, -0.8907625342468298, -96.46090899909187], [-0.9238651207847975, 0.01681951866816496, 0.3823484567630198, 41.40461489542282], [0.11918446754803227, 0.9619996348763287, 0.2456659626262917, 26.60323167397895], [0.0, 0.0, 0.0, 1.0]]}, {"file_path": "./images/98.png", "transform_matrix": [[-0.6787453271572077, 0.2725322114715649, -0.6819317961296961, -73.84657347052985], [-0.7052915531051769, 0.016819518668165084, 0.7087178062601919, 76.74723754912314], [0.20461819562478492, 0.9619996348763287, 0.180798496998918, 19.57871676869674], [0.0, 0.0, 0.0, 1.0]]}, {"file_path": "./images/99.png", "transform_matrix": [[-0.6787453271572076, 0.473452470720513, -0.561380030666301, -60.79199109760064], [-0.7052915531051769, -0.20726581970063224, 0.6779415204147866, 73.41446546439035], [0.20461819562478484, 0.8560862327782564, 0.4746027349971663, 51.39485493739457], [0.0, 0.0, 0.0, 1.0]]}, {"file_path": "./images/100.png", "transform_matrix": [[0.5263733882774325, 0.5440046605548896, -0.6534447072307608, -54.32481141465897], [-0.8001770323530484, 0.057093459066339, -0.5970402447293724, -49.63556723772047], [-0.28748525702721517, 0.837137543194904, 0.4653525123662667, 38.68756942384663], [0.0, 0.0, 0.0, 1.0]]}]}